[ After insertions ]
0
2
4
5
9
10
11
15
19
20
23
25
28
29
30
33
37
38
42
43
45
46
47
48
50
51
52
53
54
56
57
58
60
61
62
63
64
66
68
70
71
72
74
75
76
78
79
80
81
82
83
86
87
88
89
91
92
94
96
97
98
Removing...
23  31  43   9  24  61  98  21  20  94  
82  69  63  51  61  10  81  71  60  66  
33  38  20  35  10   0  93  55  61  95  
36  82  25  77  91  50  39  88  71  58  
83  53  26  48   5  87  58  84  60  17  
51  93  53  69  27  64  70  21  20  30  
15  54  14  40  30   6  88  67  95  59  
26  79  13  51  26  16  39  82   2   0  
 1  51  91  54  22  17  17  90  38  35  
21  53  87  35  92  18  42  81  86  36  

[ After removals ]
45
